165
255 255 255
197 189 206
132 115 156
99 82 132
165 148 181
123 107 148
181 165 206
222 206 239
247 247 247
107 90 132
197 173 222
189 156 222
173 140 206
165 132 206
123 115 148
107 90 140
173 140 214
156 123 206
115 90 140
230 230 230
115 99 140
173 156 197
230 222 247
173 165 197
132 115 148
165 148 189
214 189 230
181 148 214
214 197 230
206 189 222
156 132 197
165 140 206
99 82 123
181 165 197
214 197 239
181 156 214
189 181 206
206 189 230
197 181 230
140 123 165
140 115 173
173 148 214
173 148 206
148 123 181
140 132 165
107 82 132
181 156 206
165 148 197
115 99 148
123 99 156
189 165 214
189 181 197
140 115 165
181 156 222
173 156 206
173 156 214
181 173 189
165 140 197
181 165 214
140 123 173
123 107 156
181 165 230
173 165 230
123 115 165
239 239 239
181 173 230
99 90 156
189 140 90
222 132 0
222 123 0
181 165 222
214 140 16
230 156 25
247 214 132
255 222 156
181 173 239
115 90 148
197 148 107
230 156 16
247 214 115
247 189 58
239 181 25
165 132 197
181 173 181
132 107 165
156 132 189
181 173 222
247 197 66
247 181 8
247 181 0
132 115 173
222 222 222
197 197 197
156 148 165
90 74 123
82 74 140
247 197 25
247 189 0
107 99 140
148 140 156
156 148 173
230 214 247
222 214 247
214 206 255
255 197 0
247 197 0
206 197 255
222 214 239
148 132 173
206 197 230
214 206 239
189 165 222
173 148 230
214 123 0
255 206 0
173 140 230
189 181 214
206 197 239
189 181 222
156 132 222
165 107 74
230 156 0
255 214 0
239 156 0
156 123 214
165 123 206
189 173 222
165 140 214
132 107 197
206 123 8
255 222 0
132 99 189
165 123 214
197 189 230
189 189 230
181 173 214
173 140 222
66 58 115
181 123 74
66 58 107
189 181 230
132 115 165
115 90 165
107 82 165
107 90 165
165 148 206
132 107 173
181 181 222
173 165 206
165 132 214
214 214 214
173 165 214
148 132 189
165 156 173
156 140 181
165 140 189
115 107 140
148 132 181
156 140 189
206 206 206
123 99 148
181 181 181
189 189 189
140 132 156
115 107 148
32 32
0 0 0 0 0 0 0 0 0 0 0 0 0 0 0 0 0 0 0 0 0 0 0 0 0 0 0 0 0 0 0 0
0 0 0 0 0 0 0 0 0 0 0 1 2 3 3 3 3 3 3 2 1 0 0 0 0 0 0 0 0 0 0 0
0 0 0 0 0 0 0 0 0 0 4 5 6 7 7 7 7 7 7 6 5 4 0 0 0 0 0 0 0 0 0 0
0 0 0 0 0 0 0 0 0 8 9 10 11 12 13 13 13 13 12 11 10 9 8 0 0 0 0 0 0 0 0 0
0 0 0 0 8 14 3 3 2 1 15 16 17 17 17 17 17 17 17 17 16 18 19 2 3 15 5 8 0 0 0 0
0 0 0 8 20 21 22 22 21 20 3 16 13 13 13 13 13 13 13 13 16 3 9 23 22 22 21 20 8 0 0 0
0 0 8 24 25 26 27 27 28 29 9 30 12 31 31 31 31 31 31 12 13 32 33 34 35 27 26 25 24 8 0 0
0 0 36 5 37 13 13 13 31 38 39 40 41 42 42 42 42 42 42 41 43 44 28 16 31 13 13 37 5 36 0 0
0 8 45 46 16 13 13 31 31 41 47 48 35 41 41 41 41 41 41 35 49 25 41 42 31 31 13 16 50 45 8 0
0 51 52 53 13 13 31 12 41 41 53 3 54 53 55 55 55 55 35 42 3 55 41 41 42 31 13 13 27 52 56 0
8 20 57 13 13 31 31 42 41 55 58 59 60 61 62 62 62 62 61 63 59 58 55 41 42 12 31 13 13 57 20 8
64 9 27 13 31 31 42 41 41 55 58 65 66 67 68 69 69 68 67 66 70 58 55 55 41 42 31 31 13 16 9 64
19 15 16 31 31 12 41 41 55 55 70 70 71 72 73 74 74 73 72 71 75 70 55 55 41 41 42 31 31 16 76 19
19 9 30 16 16 41 41 55 55 58 61 77 78 79 80 81 81 80 79 78 77 61 58 35 55 41 41 41 16 82 9 19
64 83 9 84 85 53 35 53 70 86 75 68 87 88 89 89 89 89 88 87 68 75 86 70 70 53 35 57 90 9 83 64
8 91 92 93 20 3 48 3 94 94 95 68 96 97 97 97 97 97 97 96 68 95 94 94 3 48 15 98 99 92 91 8
0 8 19 100 45 2 33 28 101 102 103 69 104 105 105 105 105 105 105 104 69 106 102 107 28 33 2 45 100 19 8 0
0 19 3 108 109 110 37 111 41 41 112 113 105 114 105 105 105 105 114 105 113 115 16 16 70 38 110 37 108 3 19 0
8 15 116 117 118 35 41 42 31 31 119 120 121 122 122 122 122 122 122 123 120 124 125 13 31 31 55 126 109 6 15 8
64 3 109 86 58 55 55 41 42 31 127 128 129 123 122 130 130 122 123 129 131 132 13 31 42 41 55 55 70 133 45 64
19 45 134 86 135 58 35 55 41 42 16 136 137 138 68 68 68 68 138 139 132 13 31 31 41 55 55 58 86 140 45 19
19 20 54 118 86 58 58 55 55 41 41 90 141 54 142 143 143 144 145 59 146 31 31 42 41 55 58 58 147 148 20 19
64 100 39 118 118 86 58 58 55 55 41 3 10 16 149 127 127 149 16 10 3 31 41 41 55 35 58 86 118 39 100 64
8 150 45 151 118 86 135 58 58 35 152 5 111 31 31 31 31 31 31 111 2 43 41 41 55 58 86 118 151 45 150 8
0 19 153 60 140 118 86 135 58 70 84 154 41 42 42 42 42 42 42 41 155 60 35 35 58 58 86 140 48 153 19 0
0 8 150 156 157 118 118 126 126 158 32 54 41 41 41 41 41 41 41 41 35 32 152 70 70 86 118 157 156 150 8 0
0 0 64 159 9 158 133 133 158 9 3 126 55 55 55 55 55 55 55 55 126 3 9 157 118 140 158 20 159 64 0 0
0 0 8 19 92 20 45 45 156 153 160 86 58 58 58 58 58 58 58 58 126 45 161 156 45 15 20 92 19 8 0 0
0 0 0 8 19 159 162 162 159 159 45 86 86 86 86 58 58 86 86 86 126 45 159 159 162 162 159 19 8 0 0 0
0 0 0 0 8 64 19 19 64 19 163 164 47 140 118 118 118 118 140 47 5 163 19 64 19 19 64 8 0 0 0 0
0 0 0 0 0 0 0 0 0 8 150 93 20 45 3 15 15 3 45 20 93 150 8 0 0 0 0 0 0 0 0 0
0 0 0 0 0 0 0 0 0 0 64 91 92 162 162 162 162 162 162 92 91 64 0 0 0 0 0 0 0 0 0 0
